x = [0 0; 3 0; 0 2];
y = [0 -1; 2 0; 0 2];